166
475
678
2
169
171
1
2146
388
432
522
74
76
530
439
452
39
539
551
553
701
8
243
349
350
569
13
330
440
441
586
6
49
155
427
439
568
570
347
1046
537
614
158
452
620
676
251
693
111
218
219
308
7
1728
404
407
1807
516
2643
131
220
363
37
251
405
428
624
625
191
325
522
607
700
701
155
1555
270
429
432
543
575
576
645
432
539
106
197
692
51
522
704
25
153
578
579
580
581
325
354
377
156
555
22
77
579
580
582
111
2372
539
1314
72
228
286
287
306
373
405
415
428
642
403
641
152
165
192
263
539
88
155
439
34
52
418
573
33
52
140
309
418
686
85
237
503
522
584
586
2631
15
228
586
588
155
439
482
650
5
45
439
539
45
611
155
392
711
712
529
711
199
203
409
48
63
522
39
40
199
203
204
267
449
532
541
552
81
2514
320
44
63
631
8
81
149
155
439
522
636
439
1167
21
704
33
34
418
573
439
522
2520
408
439
66
646
647
127
191
1573
2251
267
359
369
552
554
2556
682
131
376
408
211
452
539
439
274
375
492
560
145
150
288
324
452
2114
44
48
64
2158
146
439
481
1288
63
221
439
477
522
439
55
125
647
694
695
679
336
406
515
70
131
210
346
376
408
497
69
131
376
131
321
27
251
287
305
332
373
693
224
394
439
492
3
89
108
661
666
208
518
3
1403
193
262
358
369
592
595
25
153
578
579
580
581
582
710
162
313
314
46
49
155
232
408
159
288
352
789
312
470
1337
102
597
609
35
98
226
230
260
333
338
355
414
457
505
506
507
508
509
510
511
95
180
301
478
602
32
155
196
215
240
281
344
463
481
532
74
283
386
244
352
530
546
547
439
522
505
511
376
408
498
154
642
86
439
109
122
634
452
85
342
505
517
251
626
639
640
178
191
337
600
84
191
442
597
557
558
559
150
216
279
280
616
324
524
19
2094
191
2316
2324
308
131
200
376
408
496
500
501
74
96
142
12
26
2120
137
184
205
219
396
2431
2444
449
488
2512
543
545
2519
567
705
706
128
191
2497
265
336
406
517
129
134
152
165
212
598
599
643
235
380
448
609
610
522
525
657
271
440
441
515
517
96
231
374
1167
608
312
439
443
163
608
631
1424
66
411
694
315
56
203
449
452
454
456
583
1928
611
114
553
700
701
116
662
589
14
57
69
70
71
107
210
313
321
346
362
376
495
497
500
501
502
652
615
145
452
116
165
292
643
644
662
155
555
111
248
627
158
611
439
476
34
309
418
438
573
341
110
423
564
155
439
62
133
398
452
63
1329
494
522
296
327
452
49
636
62
104
216
222
234
279
300
402
616
617
618
619
261
302
450
30
116
663
664
22
77
580
581
94
165
598
642
643
8
17
32
38
41
49
81
88
1498
2189
135
144
1540
196
215
221
253
969
291
293
344
345
347
392
410
427
463
465
477
482
485
2563
712
24
187
206
2353
463
484
2520
293
658
10
138
432
583
620
621
82
323
2443
703
184
539
79
246
124
241
658
229
263
512
513
30
116
134
154
598
643
0
439
479
233
311
390
1
831
329
1
245
439
190
285
298
494
522
494
249
101
191
311
384
385
522
86
539
567
690
436
111
161
208
251
332
586
693
600
156
452
463
628
494
370
670
174
307
326
439
658
16
2089
56
101
102
106
114
178
194
205
218
278
308
317
337
342
354
2448
459
460
536
537
540
597
600
606
2614
607
608
31
263
538
76
348
534
191
441
373
383
88
155
215
344
481
19
224
439
613
492
559
43
45
551
107
376
408
270
513
538
543
575
332
441
43
45
127
409
452
45
539
567
111
191
219
308
416
156
1126
452
368
444
445
446
75
185
251
584
217
233
69
131
346
376
408
58
116
446
643
458
733
539
88
155
196
104
150
528
616
209
650
12
191
12
111
205
308
416
14
272
64
155
382
439
477
150
297
563
357
376
408
73
197
1729
394
443
612
439
85
237
503
506
511
313
314
346
376
408
499
27
37
164
372
85
511
122
81
276
471
522
167
209
150
616
618
117
567
35
226
269
289
408
548
88
491
163
475
6
350
569
90
353
546
172
162
1236
583
517
687
137
177
295
278
431
448
449
450
451
452
11
15
766
72
100
185
208
287
303
306
1074
383
441
2473
588
624
625
626
639
696
155
420
522
262
595
677
2006
397
555
1508
348
400
2490
514
577
307
326
567
85
275
408
151
325
354
1315
76
254
352
661
31
164
192
513
538
539
395
452
115
517
390
45
56
551
553
700
439
522
669
238
348
539
656
17
201
513
120
220
379
492
684
439
61
375
260
290
379
413
421
511
232
413
628
191
250
317
452
104
150
402
104
616
617
88
1627
572
298
439
89
2350
386
557
323
174
298
595
677
27
639
27
72
251
365
383
428
62
82
352
452
522
685
239
393
549
550
275
413
422
155
439
134
319
599
643
644
155
157
452
591
2649
297
339
562
563
566
249
148
327
222
294
331
339
391
430
437
561
562
563
564
565
566
174
282
285
465
150
402
616
617
618
86
151
934
602
251
601
670
709
72
373
27
251
588
642
190
258
658
12
106
191
205
219
597
34
140
418
522
678
846
168
179
1549
987
343
361
469
1187
1937
83
123
80
131
227
408
499
80
227
408
499
126
659
674
191
278
426
399
577
1950
292
599
643
47
71
131
439
159
284
1715
62
105
16
23
261
190
258
413
422
510
148
296
386
677
170
7
440
441
517
297
391
563
675
72
185
202
383
440
585
85
439
511
434
567
68
115
406
101
191
600
85
506
508
511
903
294
297
539
561
562
563
566
597
609
610
141
98
191
311
523
88
155
196
155
439
452
69
131
210
227
408
497
501
502
652
9
155
349
350
408
569
2090
193
257
269
572
6
347
6
243
347
434
439
82
90
262
288
546
595
244
546
23
191
261
85
412
452
408
413
439
502
511
223
376
408
504
76
531
56
452
572
683
383
311
514
131
376
14
440
441
653
654
287
405
428
371
680
207
445
56
76
399
1912
1309
189
670
671
366
229
707
27
72
195
305
415
122
970
614
61
274
401
492
57
69
70
93
107
131
200
210
223
227
357
362
408
495
496
497
498
499
500
23
426
455
272
275
511
698
117
522
699
221
439
195
251
287
332
360
588
624
693
179
385
179
384
89
283
328
439
522
2
390
168
266
389
297
331
424
430
41
155
711
712
289
408
549
550
73
224
439
492
264
111
255
145
539
318
369
400
572
257
399
589
591
375
492
559
150
279
300
28
970
13
437
702
15
27
365
588
643
68
115
336
488
13
695
54
57
69
81
93
107
200
210
223
227
239
260
313
314
346
347
356
357
376
393
413
422
495
499
500
1197
501
502
503
504
43
203
155
707
125
355
452
2166
275
276
290
326
356
408
85
452
461
27
373
428
205
219
660
33
34
52
140
309
594
253
275
511
698
290
326
408
143
561
563
649
391
561
431
317
378
8
155
439
568
570
15
27
287
365
415
17
432
622
623
297
391
675
250
425
439
539
2
17
18
158
429
622
697
334
350
569
694
183
297
404
522
596
140
1272
4
8
32
38
39
49
50
53
54
60
63
64
65
73
2143
91
95
2168
123
139
144
2200
166
173
2232
190
197
1574
221
225
268
273
282
291
322
333
345
351
356
2373
382
387
394
427
431
2482
462
466
2492
467
468
469
2493
470
471
472
473
474
475
476
477
478
479
480
481
1167
482
1888
483
484
1168
485
486
487
7
121
330
332
364
441
517
520
521
586
7
121
194
202
251
330
364
1074
440
493
517
518
519
1895
520
521
586
102
2497
522
553
123
224
1729
470
612
613
207
207
368
446
447
207
212
445
447
605
643
445
446
603
118
250
451
45
111
127
250
539
151
250
452
250
448
452
4
10
59
62
97
1499
127
133
145
148
2203
187
2235
203
206
934
250
264
278
288
293
997
345
355
359
412
414
2475
450
451
453
454
455
456
457
458
459
460
461
462
463
464
465
1167
452
464
127
452
522
539
665
378
452
127
452
85
452
511
213
452
191
452
191
452
609
610
414
452
509
439
452
484
88
155
156
187
452
452
453
155
299
452
970
439
480
559
2643
439
439
311
439
83
439
443
232
439
439
522
439
439
0
242
439
678
139
439
64
155
221
439
86
1003
439
166
439
439
466
559
63
88
196
439
38
155
439
522
439
156
957
439
462
522
155
439
522
439
522
439
673
111
406
489
490
2495
491
539
542
567
488
567
488
539
567
240
488
61
73
1513
198
272
1666
1016
375
394
401
1132
539
559
560
768
441
494
515
2531
2108
768
147
175
176
188
949
493
131
376
408
107
376
500
69
131
346
376
93
376
227
313
314
376
408
107
131
376
408
496
107
131
346
408
131
346
356
408
652
35
226
408
357
408
85
92
98
506
507
511
85
226
338
505
507
508
85
505
506
511
85
338
506
511
85
461
511
85
326
85
92
226
230
275
333
338
356
379
421
457
505
507
508
509
164
513
574
576
164
201
2282
263
270
1131
512
574
575
576
257
361
1079
1199
589
691
68
121
493
516
517
13
515
2089
99
115
121
247
265
330
1788
440
441
515
521
75
441
1137
441
539
2129
440
441
440
441
517
2
16
1397
21
36
756
44
49
53
64
91
801
1481
119
2180
2189
147
175
179
910
911
2251
232
253
268
288
999
1666
310
380
387
2420
2425
437
442
1825
454
472
482
484
485
486
523
524
525
526
527
1897
528
529
1219
530
531
2510
1220
2511
2512
2513
2514
532
533
534
535
536
1221
343
522
532
653
105
522
119
522
522
522
615
216
522
42
522
3
90
522
546
547
358
522
631
45
88
522
523
522
193
522
648
522
191
522
606
9
733
191
192
201
263
2372
5
18
26
31
39
59
2156
1485
161
181
204
214
263
269
2358
339
1723
2372
2391
398
1119
1131
431
449
454
488
490
492
1195
519
1216
540
1898
541
1899
542
2518
543
544
567
191
2369
539
45
539
488
539
544
17
111
201
539
539
542
111
627
90
244
352
353
530
90
530
239
549
550
289
393
548
2559
289
393
548
5
199
267
552
553
554
700
701
45
56
551
553
700
5
128
267
442
551
552
56
2138
551
24
136
256
556
555
103
283
653
654
681
103
559
654
103
198
401
466
480
492
558
560
61
492
559
297
339
423
424
562
563
564
294
297
339
561
563
222
294
297
331
339
423
561
562
143
297
561
567
297
566
294
297
339
565
112
181
204
236
259
335
488
489
490
539
564
1924
8
427
569
570
6
243
347
434
568
8
427
568
571
570
281
348
359
399
2572
33
52
839
140
512
513
655
17
201
513
17
512
513
257
318
589
22
77
580
581
22
25
77
580
22
25
77
153
578
579
581
582
22
77
153
578
580
25
77
580
127
158
246
602
36
208
1895
585
332
584
586
7
36
37
2213
185
440
441
1895
585
587
588
586
37
251
306
383
405
586
624
130
2343
400
514
577
590
589
1361
293
400
592
593
594
76
591
591
594
419
591
593
595
76
254
285
352
594
653
661
437
84
102
191
308
340
600
116
154
165
643
116
292
319
643
651
101
1499
186
191
337
2448
2596
597
2612
303
1267
87
302
583
447
604
605
603
446
603
191
536
16
191
660
122
124
191
2653
84
118
340
460
1187
610
118
340
460
609
667
40
127
138
668
224
443
197
443
9
374
2507
132
2457
527
104
150
216
234
280
300
150
280
300
150
234
300
150
10
158
1236
676
158
429
432
2512
429
650
15
251
383
588
639
15
251
100
251
639
640
137
545
187
277
630
629
48
124
531
1004
633
632
720
96
635
634
49
149
638
637
100
251
286
624
626
100
626
29
27
94
154
306
116
134
154
165
212
292
319
405
446
598
599
644
134
292
643
17
650
55
695
55
66
534
423
38
217
623
645
599
131
346
502
364
523
557
595
654
364
557
558
653
574
269
119
157
163
190
307
659
316
658
417
607
74
262
595
129
134
152
152
454
74
610
611
268
189
304
370
672
673
370
670
487
670
316
331
430
10
620
254
285
328
0
310
475
67
367
557
56
702
359
272
288
34
247
689
688
182
514
708
20
11
72
185
383
66
125
435
66
407
646
252
433
379
421
381
16
128
267
551
552
701
5
16
128
551
700
404
682
160
21
51
113
706
113
705
372
410
691
304
78
41
42
392
712
41
155
392
711
2
9
13
13
13
17
26
26
36
46
50
53
56
56
56
63
63
63
76
83
83
106
106
106
111
111
111
111
111
114
122
125
127
146
155
155
155
155
155
156
156
159
169
191
191
191
206
214
224
246
251
251
251
254
257
257
261
281
283
293
302
311
311
311
311
311
318
323
339
348
369
369
374
403
408
413
438
439
439
439
439
439
439
439
439
439
439
439
439
441
441
442
443
452
452
452
452
452
452
452
466
466
478
484
488
492
492
492
492
493
493
494
494
494
513
513
514
514
517
517
519
520
522
522
522
522
522
522
522
522
522
522
522
522
522
522
522
522
522
522
522
522
522
522
522
537
538
539
539
539
539
539
539
539
539
539
539
539
539
539
540
549
554
567
572
573
584
586
586
589
590
600
600
600
600
601
608
609
614
615
620
622
632
634