986
988
1028
1321
1197
2319
1297
1298
1326
1327
1271
738
748
749
1342
1343
1115
789
849
1165
1207
727
1012
634
761
868
880
1189
732
1058
759
1111
1079
727
768
794
885
2245
922
927
984
2337
1216
1231
2515
814
824
1120
1164
720
725
1096
791
853
1373
872
970
1047
1189
2499
2505
2581
822
1281
733
1229
1280
722
936
1274
731
754
758
793
816
841
893
908
910
927
214
939
1007
1032
1034
1063
1088
1096
1133
1141
1147
1846
1855
1162
1172
1186
1222
537
1223
1224
1225
1226
1227
1228
1280
1330
950
1156
855
960
1089
1264
1288
886
1049
717
748
749
1342
1343
1368
854
963
994
1129
1127
1269
1287
853
912
1174
964
983
1091
781
1360
780
807
823
827
2197
862
936
975
1045
1093
1100
1120
1143
1166
1222
1239
1256
1275
1276
805
882
1099
1104
1181
1201
836
847
928
1158
1334
717
738
1342
1343
717
738
1343
1368
828
1320
1368
772
803
809
1298
822
894
733
1215
1228
805
835
952
972
1201
788
856
910
911
522
2511
1221
936
1222
733
794
1007
1026
1136
723
768
769
721
868
961
1189
1260
1288
1329
970
1053
1081
1142
838
1260
822
828
817
1167
940
941
251
995
1167
816
725
760
984
1119
1122
1137
1185
493
494
1315
760
798
1063
1186
1187
1285
1293
752
1361
1153
1079
789
935
1001
1306
873
1174
1212
1340
898
964
1207
1351
745
1024
1045
1256
744
1360
1047
1081
833
937
1151
1182
1079
861
926
1290
1292
789
935
1013
1016
1306
1223
756
856
893
964
1167
719
776
786
83
843
888
935
1013
1275
1306
2637
1337
1098
1267
728
912
843
1220
733
816
875
725
758
841
1231
1232
931
1268
1285
922
1163
1096
1348
769
841
1705
1229
1257
1069
1149
969
856
911
1112
522
806
1350
752
1068
1072
1073
1297
901
1050
1072
1073
1079
1105
1327
746
755
952
972
1178
1201
802
1349
1350
745
1179
1353
992
752
901
1073
1121
1150
1297
909
877
1003
1321
906
1279
1050
726
1120
1164
898
733
767
793
2190
866
908
929
939
962
1007
1034
1096
1125
1141
1159
1162
1165
1186
1225
1280
2577
765
1167
819
1014
818
2171
836
841
889
928
943
945
977
1001
1042
1088
1211
1212
1213
1214
1896
1215
841
900
960
1089
1218
900
922
1136
1216
1217
1218
730
753
764
1462
2173
827
890
1080
1099
2548
1281
745
951
1093
726
1120
1164
1376
833
1149
1151
1182
890
957
1311
745
822
862
964
1079
1135
1192
1232
1913
2581
1283
750
764
998
1029
1106
1198
1014
1315
883
1035
1037
169
940
941
989
995
970
1224
1330
783
825
857
937
1009
1010
1150
1238
847
1212
1234
755
1170
747
819
928
1334
2259
1001
1034
2394
1169
1207
1896
1249
1904
763
1040
1041
573
868
898
967
733
794
798
819
820
1130
1344
1345
789
792
1210
1207
1330
1332
970
1048
1189
1193
970
1001
311
747
834
1038
1172
1212
1172
1252
719
888
1059
1337
925
1074
1075
1295
898
1120
1267
728
741
912
1079
1359
739
883
952
972
1054
1176
735
756
788
801
911
999
1112
1219
1221
833
1009
1111
893
1109
2138
2186
879
1037
1335
1309
785
990
1169
1208
745
2138
827
1120
2433
1148
2083
2089
1017
1019
1267
1079
1199
1379
816
995
1083
887
1286
721
761
840
880
967
1189
988
1028
1330
1292
729
1047
1130
1189
1253
777
1042
1212
1229
964
793
1290
1242
811
917
948
986
1116
1336
1380
859
1006
1100
1335
721
868
898
905
2356
1279
947
960
1025
1729
1089
1149
1151
1892
1178
1179
1180
1181
746
830
854
952
1025
1054
1079
725
945
1136
1217
1233
1234
1268
737
1462
1579
932
957
974
2311
1049
2494
1169
1170
1171
1172
1173
1174
1175
867
1286
789
849
1165
1207
819
822
826
964
1235
964
1019
1084
1357
733
788
858
1109
753
907
909
1245
919
921
930
968
1056
1124
1246
1247
1251
924
1203
1353
1176
1183
779
815
840
852
880
1031
1255
1256
1905
938
1081
1348
820
821
2384
2531
1296
804
809
1079
976
339
1108
1168
1354
1355
1046
1330
1331
880
981
2363
1329
1363
812
894
909
1021
1102
1171
1200
1243
1244
1245
733
816
1027
1123
1208
1261
1280
810
894
907
1021
1102
1171
1200
733
756
911
1022
1109
522
756
801
856
910
999
522
1219
1221
741
791
853
1100
1442
1043
1267
1079
1027
1170
1030
1178
1248
877
1003
1321
954
895
921
1019
1057
1189
1194
895
920
1019
1057
1114
1189
1194
1207
725
796
821
1176
1182
1183
1364
896
1082
1203
1357
850
1250
785
2196
995
1291
1292
725
733
1007
1046
1228
1229
747
819
836
1158
1214
1308
1334
816
1220
895
1207
795
977
2500
1220
886
1189
1250
1365
997
302
1131
452
776
786
789
942
1001
1306
732
745
757
1227
783
833
1182
899
1081
1305
733
816
1034
1229
766
1462
831
941
957
989
1174
766
831
940
989
1023
935
965
1013
1044
1095
1160
1249
1304
819
945
2623
964
970
819
885
2242
943
977
1234
2654
1027
1038
881
1138
1370
877
1161
1321
2108
1004
2337
1070
1088
494
1216
1314
734
1155
1156
1272
823
1239
1240
755
805
854
883
1036
1054
1201
1047
1191
918
970
1189
1259
1313
1018
826
886
940
964
484
1154
1358
735
820
881
761
1085
1189
816
739
1129
742
2114
779
788
2138
827
874
890
891
944
957
2319
2333
1112
1227
1230
1265
942
1093
1126
1311
1341
840
868
895
1267
800
155
1059
1820
1369
729
762
2147
832
845
846
2192
1589
944
954
996
2362
374
1081
403
1112
1803
1125
1135
1139
1843
1157
2491
1158
1159
1160
1161
466
1162
1163
1164
1165
1166
2520
1315
755
805
854
1672
1029
1203
1204
1205
1330
886
745
1276
902
819
931
945
1013
1117
1079
905
2319
1006
1729
1082
1840
1154
1091
1139
1140
743
725
768
1017
1189
1077
1253
1254
1330
713
877
988
1003
1028
1116
1321
991
311
1355
713
869
986
1028
1116
1321
831
940
941
995
1167
861
987
1168
1355
808
996
1019
1235
1314
739
1129
766
831
866
926
989
1097
1304
970
993
1112
1235
1285
934
1001
1070
1132
452
1261
828
856
911
1112
522
1079
1199
1303
776
819
837
846
1589
935
997
1002
1016
1019
1090
1100
1132
1187
1196
1267
1282
1306
1307
1308
1309
1001
1090
1100
1282
811
917
986
1116
478
1321
1325
949
2506
1267
632
1066
1258
879
981
733
758
816
927
2497
1330
1097
1186
1217
1319
833
857
1010
1111
833
1009
1050
1111
1149
1150
1012
1250
720
1011
1062
786
789
942
978
2156
818
829
1016
1070
1158
1267
1128
786
1001
1014
492
863
984
2506
1257
956
1019
863
891
920
921
993
1001
1018
1033
1044
1057
1094
1095
1112
1113
1134
1846
1163
1166
1194
1209
1264
2571
1265
1266
1267
1268
1027
907
909
1200
910
1236
1371
941
780
1097
1217
881
883
1149
758
1195
1315
908
915
946
1020
1038
1123
1170
1290
713
869
986
988
1321
828
972
1204
916
898
2577
733
1034
1019
1134
1266
2079
733
816
837
939
2295
1032
2374
1803
1141
1855
1172
1226
2551
2552
1280
830
1036
1037
2537
952
1035
1037
830
859
1035
1036
1335
847
946
1027
1355
839
1041
1273
839
1040
1272
819
873
1234
913
1207
1286
2617
942
1019
1338
745
780
1589
1093
1126
1275
1317
9
904
927
2507
1316
729
782
872
953
1055
1098
1114
1206
1259
1308
845
737
886
804
813
1010
1298
1118
1235
1277
762
1081
1189
1305
1348
854
883
952
1129
1182
1184
1202
1352
1047
1058
1189
895
1188
1363
920
921
1019
1094
1194
1209
1302
1351
722
1055
849
1591
969
1157
2532
1246
1247
1329
1103
1242
1263
1012
733
769
1262
1065
1077
1253
1291
1330
1331
1064
1091
1290
1315
1330
1005
1085
1120
1194
1206
1327
803
1105
1151
1153
1154
799
1105
1151
1152
1153
949
997
1014
1132
1289
803
804
1073
1298
803
804
809
1072
1297
851
251
2392
1097
441
1295
1319
851
1294
1295
1077
1330
1332
985
1064
1076
1209
1253
1254
1330
1294
724
775
784
804
827
853
864
884
901
914
980
1000
1121
1145
1146
1199
514
1200
1299
1300
1301
1302
1303
822
1099
762
782
899
938
970
1053
1085
1142
1189
924
981
1106
1149
1198
1363
866
1186
1296
2631
892
2319
1182
961
1066
1081
1207
1258
1189
1091
1164
1228
1262
733
819
949
735
820
881
1001
1002
1100
1282
743
982
1065
1087
1140
1291
1331
1127
1287
745
823
966
1045
1126
1341
1019
1057
1189
1207
942
1019
1169
1211
1896
1249
1338
727
733
797
816
1595
1816
1302
1966
995
1008
1024
1074
1186
1217
1319
2090
790
1047
1191
1267
1313
746
822
1080
745
879
912
1001
1002
1090
1158
1282
1189
907
909
1171
1238
1061
746
1181
1312
804
1068
1069
1152
828
1082
1198
1320
1375
903
1131
1168
1354
858
893
910
1353
723
857
1009
1010
1238
801
1476
856
964
970
996
999
1019
1219
1235
1019
1266
921
1047
1189
1248
1351
718
877
986
988
1003
1321
979
1051
768
1137
539
726
745
814
824
852
862
1066
1164
1241
809
1079
1297
768
908
1027
1290
895
1207
816
970
206
966
1045
1093
740
1092
1272
1287
1015
739
963
994
1054
841
872
2236
1163
1206
934
1108
513
539
1385
2110
997
1001
1070
2490
1158
492
1261
1308
1314
1328
733
1229
1019
1033
1266
2095
827
970
1166
758
821
885
768
1119
1195
519
1261
1262
947
1189
1370
970
982
1140
1189
982
1091
1139
1189
1209
733
2117
816
1034
1186
762
1081
1207
1258
745
1256
1147
1079
1079
733
1729
1144
1178
862
1351
799
825
881
1010
1025
1082
1150
1151
809
833
1010
1149
783
825
881
1068
1069
1149
1152
1154
1069
1105
1151
1153
774
1068
1069
1152
958
981
1068
1151
1182
950
1269
1272
734
950
970
1060
1248
747
928
970
1014
1100
1132
1213
1214
1307
1334
816
970
942
970
1304
948
970
733
816
970
796
970
1019
1733
1130
1187
2659
726
814
824
970
1087
1120
1189
719
816
888
970
745
2228
970
1019
1135
1351
765
766
50
788
817
122
989
439
452
1315
903
991
1108
439
1354
1355
837
861
886
1095
835
886
915
1027
886
907
909
1102
1200
733
847
848
886
1034
886
741
777
886
940
1175
1200
886
1174
1377
854
897
923
1177
1176
1183
805
881
916
1147
807
881
1182
1352
1356
881
1370
746
881
1104
1199
1310
1312
783
825
923
937
1054
1084
1154
1179
1183
1184
897
923
2261
1177
1182
1202
1297
1364
1054
1182
1202
768
1189
733
769
816
1008
1083
1097
1141
769
1437
1001
311
1163
609
2285
2363
1056
1363
721
729
761
845
868
872
920
921
932
955
961
984
1053
1055
1081
1086
1094
1101
1114
1138
1139
1140
1164
1185
1190
1191
1192
1193
1194
2499
1329
1189
1378
953
1098
1189
827
1189
1344
845
1189
920
921
1019
1057
1066
1189
1026
1137
2506
539
1001
2506
714
408
828
1082
1106
864
1000
1079
1181
1893
1894
514
1200
1303
907
909
1021
1079
1171
1174
1199
746
755
805
952
1372
1054
1183
1184
1352
896
924
972
972
1029
1205
972
1204
1047
1066
1130
719
779
837
844
888
921
930
1043
1085
1094
1124
1142
1208
1209
1210
861
908
1207
1019
1057
1077
1140
1207
1253
1254
2109
843
1207
819
1095
777
819
834
847
873
819
1158
1214
1280
1334
819
928
1158
1213
1334
754
819
725
821
949
539
821
885
1008
1024
1097
820
821
856
911
1112
522
792
929
931
522
756
856
911
522
1235
733
745
757
1227
733
787
733
832
733
816
733
1034
1248
733
936
964
1222
1248
733
754
927
1087
1346
731
798
873
927
939
1133
1230
964
1229
725
794
794
827
1283
885
2407
1288
834
885
945
1042
1268
1280
2110
2201
890
993
996
1052
1767
1112
1221
2516
1236
1237
246
1022
1235
620
1235
833
1102
1111
745
951
1256
951
1341
1120
1351
876
1061
1263
907
907
894
907
895
1060
1247
895
1060
1246
2236
916
2389
1786
1114
1157
1226
1227
837
942
1095
1338
925
932
1011
1251
895
1250
848
872
985
1064
1077
1209
1254
985
1077
1209
1253
898
745
780
898
1143
1239
1341
798
1017
1005
2394
1085
1142
955
1047
761
763
1308
908
997
1132
1137
1063
1087
1137
1061
1242
735
1019
1337
964
1019
1267
1019
1033
1113
1134
2083
790
852
863
913
968
2328
1001
2334
1004
1014
1019
1098
1265
1313
601
1314
795
885
1019
1234
740
1155
1270
1271
1272
1269
716
1269
1272
950
1041
1127
438
1155
1269
1271
1273
1040
1272
732
1288
1308
745
789
1045
745
975
1052
1278
1277
812
880
1321
1325
731
733
816
908
1034
1213
1234
730
822
1001
1002
1090
1100
827
1232
1285
770
795
996
1284
1286
867
887
1043
1285
740
1092
1127
736
761
63
1233
1274
1071
2393
785
875
1027
1065
1123
1291
926
1064
1091
1290
1330
1331
785
871
926
771
1075
1078
2631
1318
851
1074
1075
900
1083
715
803
809
1073
1121
1183
1298
715
752
1050
1072
1297
1327
1079
1079
1079
1057
1079
1096
1000
1079
1199
942
995
1160
938
1053
776
786
789
935
1001
1001
1158
1334
928
1001
1047
1132
1260
1274
860
1001
369
1181
1311
826
966
1310
1312
1104
1181
1311
955
1098
1267
26
949
993
1132
1267
768
829
261
971
2309
1026
1065
1167
1046
1045
1294
1008
1074
1097
750
1106
713
811
917
948
986
988
1003
1028
1116
1279
1322
1323
1324
1325
1321
1324
1321
1324
1321
1322
1323
1003
1279
1321
715
715
804
1067
1298
1132
761
146
905
2285
1060
1189
733
832
844
870
904
973
985
1007
1064
1065
1076
1077
1291
1331
1332
1333
904
1064
1091
1291
1330
844
1076
1330
1330
747
836
928
1158
1213
1214
1307
859
879
1037
877
789
83
849
1264
1044
1095
2432
1249
1339
1338
778
966
1093
1240
1256
717
738
748
717
738
748
749
842
1192
1345
1378
842
1344
1228
1347
1346
797
899
1053
806
1350
802
806
1349
779
1057
1114
1148
1166
1241
1054
1179
1202
807
896
1110
903
1108
1168
903
987
991
1039
1168
1179
892
924
1358
959
1357
853
744
781
773
590
1362
1374
1361
905
1562
1056
1082
1188
923
1183
933
1367
1366
738
749
751
969
947
1138
1180
1022
1201
728
1361
1107
824
1175
1190
1344
865
878
715
720
725
725
725
729
729
729
733
733
733
733
745
756
756
766
768
768
789
789
798
801
816
816
819
819
822
822
822
827
827
831
837
837
837
837
839
846
859
859
862
862
863
863
880
881
881
886
886
886
886
898
900
900
903
905
910
911
913
926
931
934
934
940
943
945
945
949
949
949
957
964
964
964
964
969
969
970
970
970
970
970
970
970
970
970
970
970
972
981
981
981
987
997
999
1001
1003
1004
1004
1007
1014
1016
1017
1019
1019
1031
1034
1034
1034
1034
1034
1034
1034
1035
1043
1045
1046
1046
1059
1060
1074
1074
1074
1079
1083
1084
1095
1096
1096
1096
1098
1112
1119
1126
1130
1131
1131
1132
1132
1132
1132
1135
1137
1141
1147
1163
1163
1166
1167
1167
1167
1167
1168
1183
1187
1187
1187
1188
1188
1189
1195
1195
1196
1197
1199
1199
1199
1210
1216
1219
1220
1221
1233
1235
1235
1235
1235
1236
1236
1248
1248
1248
1258
1267
1267
1267
1267
1272
1288
1289
1294
1309
1314
1315
1315
1329
1329
1337
1338
1361
1363