1637
1703
1875
1911
1912
1805
1815
1995
1429
1556
2018
1132
2490
1634
1722
2040
2041
1622
1806
1961
2029
1820
1729
1790
2022
2066
1797
1939
1494
1554
1740
1916
1917
1918
1656
1729
1853
1830
1404
1524
1528
1531
1649
1714
1729
1804
1840
2033
1685
1851
2019
1481
1729
522
1656
1729
1492
1516
1576
1598
1641
1662
1679
1686
1729
1838
1859
1865
1663
1807
1773
2007
1411
1412
1580
1729
76
1729
1792
1395
1836
1974
2033
1522
1670
1707
1795
1927
1566
1673
1729
1876
1977
2030
1588
1908
1586
1477
1479
1527
1555
1985
1457
1472
1581
1695
1725
1729
1752
1787
1866
1867
1868
1988
1402
1412
1580
1729
1822
1850
1877
1402
1411
1580
1729
1822
1877
1414
1648
1954
1976
1413
1954
1955
1649
1729
1549
1640
1729
1791
1537
1729
1856
1931
1557
1809
2053
2055
1587
1507
1690
1723
1776
1817
2006
2067
1673
1842
1520
2319
1707
1770
125
1647
1754
2004
2031
1702
1750
2050
1466
1675
1699
1727
1587
1383
2054
1715
1476
1580
1605
1580
1561
1668
1875
1511
1601
1456
1591
1729
1836
1888
2082
1533
2271
2276
1650
1688
1708
1733
1873
1187
2515
2577
2658
1521
2319
1729
1799
1613
1729
1820
1984
1472
1558
1656
1854
1967
1562
913
1678
1783
1925
2095
1729
1837
1458
1522
1549
1879
1937
2002
1899
2138
1900
1558
2058
1673
1977
1630
1799
1837
1854
1683
1465
1794
1436
1410
1729
1868
1446
1615
1699
1729
1823
1686
1729
1768
1881
1530
1729
1738
1778
2520
1480
822
886
940
1929
1587
1633
1729
1455
1812
1923
1925
1427
1675
1727
1981
1816
1542
1668
1729
2034
2029
1480
1763
1802
2054
1410
1440
1558
1581
1622
1718
1729
1798
1806
1870
2029
1902
1967
1489
1631
1680
1731
1777
1924
1946
1535
1826
1887
1941
1432
1544
1112
1409
1527
1497
1610
2005
1409
1985
1994
1462
1470
1552
1604
1652
1763
1857
1966
1397
1502
522
1938
1495
1578
1643
1736
1856
1980
2035
1674
1761
1545
1677
2138
2319
1888
539
1978
1916
1919
1973
1521
1774
1474
1631
1704
1923
2045
1751
1794
1673
1811
1399
1709
1887
2007
1788
1994
1392
1682
1918
1919
1482
1872
1961
1962
1622
1717
1729
1852
1995
1478
1610
2005
155
1549
1744
1826
1937
1940
1583
1714
452
600
1729
1943
1944
1550
1617
1704
1775
1994
2047
2052
1481
1697
1873
2018
1729
1879
1521
1542
1774
1616
1904
1420
1514
257
1673
1729
1974
1521
1635
1687
1856
1856
1973
1435
1528
1537
1612
1945
2028
1522
492
1508
1673
1729
2588
1840
1399
1598
1679
1824
2009
1571
1989
1637
1552
1763
1849
1966
1423
1707
1974
1438
1488
1505
1509
1549
1644
1730
1741
1774
1799
1838
1927
1405
1446
1513
1538
1567
1707
1771
1873
1982
1395
1561
1729
1856
1872
1879
1961
1962
1989
1637
1703
1912
1409
1477
1395
1511
1601
1646
1729
1963
1964
1965
1922
1461
1729
1395
1960
1729
1853
1938
1980
2082
1437
1638
1475
1729
1997
1999
1673
1840
1878
1995
1417
1511
1601
1522
1936
1746
155
1810
1581
1699
1764
1782
1819
1870
1902
1468
1505
1596
1597
1691
1701
1843
1854
1957
1959
1986
1987
2128
2016
1476
1969
1484
1893
1922
1588
1908
1711
1729
1729
1939
1416
1446
1498
1521
1640
311
1729
1778
1791
1799
1826
1836
1840
1937
1940
1501
1704
1673
1716
1721
1729
1836
1480
1519
1621
1742
1763
1857
1905
1966
1589
1729
1915
1919
1392
1740
1915
1916
17
1409
2377
1384
2018
1418
1775
2045
1440
1450
1472
1870
2058
1586
1636
1654
1711
1903
1763
1802
1857
1434
1524
1668
1729
1442
1656
1664
1673
1729
1732
1780
1787
1801
1846
1363
1618
1902
1967
1729
1763
1966
1713
1729
1952
1406
1729
1876
1977
1522
1627
1744
1771
1970
1971
1594
1965
1575
1729
1798
1800
1786
1838
1839
1517
1932
56
1947
1620
439
1569
1656
1721
1729
1399
1577
1729
1886
1937
1576
1582
1602
1887
1482
1736
886
1689
1893
1894
1402
1411
1412
1432
1433
1850
1877
1969
1410
1472
1541
1729
1798
1577
1602
1499
1673
1729
1879
1921
1884
1879
1408
1559
1636
1729
1808
1847
1903
1419
1428
1463
1660
1810
1818
1898
1979
2013
1407
1546
1598
1907
2189
1553
970
1001
1045
1789
1901
1948
1743
1923
2044
1436
1627
1059
1673
1729
1876
1739
1923
2183
1568
1639
1681
2550
1745
1096
1872
1542
1597
1691
1700
1956
1957
1959
1986
1987
1542
1596
1691
1992
2034
1399
1516
1588
1729
1907
2008
1669
1681
1729
1435
1528
1537
1612
1577
1582
1883
1884
1885
1713
1729
1797
1480
1711
1763
1802
1432
1641
1854
1951
2015
2027
1729
1729
2023
1478
1497
2005
1748
1511
1601
1644
1439
1649
1984
1992
2028
1909
1458
1729
1506
1995
1501
2051
1563
1668
1729
1782
1819
1871
1902
1906
1991
1574
1881
2032
1552
1763
1849
1857
1966
1387
1472
1496
1729
1938
1632
1747
1710
1632
1729
1655
1703
1755
1911
1912
1567
1591
281
1666
1729
2065
1676
1452
1474
1489
1661
1704
1923
1985
1623
1625
1656
1713
1747
1938
1464
1729
1386
2041
1509
1668
1856
1973
1559
1586
1381
1518
1526
1703
1912
1534
1594
1416
1549
1907
1399
1606
1748
1764
1854
2484
1886
2002
1482
1964
2035
1521
1612
1729
1980
1673
1721
1729
1879
1528
1696
1729
1758
1943
1965
1424
1653
1692
1724
1726
1735
1788
1807
2003
2004
1413
1976
1395
1415
1613
1687
1883
1928
1965
1437
1661
1704
1923
2045
1480
1763
1905
1966
1647
2003
1559
2323
1626
1703
1912
1393
1398
1440
1562
1575
1632
1659
1713
1729
1762
1773
1833
1862
1874
1889
1890
1891
1775
2045
2048
2049
1832
2000
1656
1729
1587
1979
1631
1651
1704
1923
1985
2045
2052
1399
1679
1937
1996
1400
1923
1925
1562
1673
1729
1721
1861
1920
1921
1627
1729
492
522
1696
1434
1468
1561
1618
1635
1729
1829
1830
1856
1983
1984
1599
1691
1405
1714
972
1893
1406
1422
1451
1491
1508
1514
1536
1551
1562
1583
1592
1645
1664
1729
1829
1834
1835
1845
1848
1851
1920
1974
1977
1483
1761
1427
1466
1699
1629
1937
1484
1893
1443
1756
1897
1935
1936
2010
2011
1399
1516
1662
1729
1937
1474
1731
2044
1594
1599
1686
1786
1795
1831
1494
1917
1993
1454
1729
1875
1704
2045
1396
1729
1851
1399
1460
1681
1768
1831
1859
1509
1649
1963
1980
1437
1579
1893
1894
1990
1421
1776
2006
1542
1596
1597
1669
1701
1719
1729
1737
1769
1804
1863
1956
1957
1958
1959
1647
1726
1953
1975
1410
1729
1646
1667
1729
1502
1763
1997
1999
1427
1458
1541
1675
1981
1596
2037
1542
1691
1719
1425
1923
1381
1526
1626
1637
1655
1875
1911
1912
1489
1501
1550
1631
1651
1661
1684
1923
1924
1985
1994
2045
2047
2051
2052
2053
798
1933
1783
1925
1405
1423
1520
1522
2319
1770
1437
1492
2017
1624
1729
1860
1862
1547
1559
1604
1712
1763
1849
1881
1930
1711
1881
1930
1565
1603
1632
1656
1729
1797
1966
1395
1499
1671
1729
1431
323
1926
1551
1721
1729
1496
1729
1472
1721
1691
1701
1804
2063
1551
1575
1645
1665
1716
1718
1834
1835
1853
1920
1921
1386
2040
2041
1421
539
1647
1728
1765
2057
1410
1729
1867
1647
1692
1427
1466
13
1724
1807
2057
2073
1389
1393
1395
1397
1398
1399
1402
1403
1406
1410
1411
1412
1415
1416
1417
1436
1438
1439
1445
1457
1459
1460
1461
1464
1468
1472
1496
1500
1504
1508
1514
1524
1528
1530
1532
1535
881
1547
1548
1549
1551
1553
1561
1562
1564
1565
1566
1569
1575
1576
1581
1583
1586
1592
224
1598
1600
1603
1608
1609
1615
1618
1622
1625
1627
1633
1644
1645
1646
981
2319
1656
1659
1664
1666
1668
1673
1679
1683
1685
1691
1695
1696
1710
1713
1714
1716
1717
1725
1737
1738
1752
1760
1762
1763
1766
1768
1772
1778
1780
1784
1785
1787
1795
1797
1802
1813
443
1825
1826
1827
1828
1147
1829
1830
1831
1832
1833
1834
1835
1836
1837
1838
1839
1840
1841
1842
2455
1843
1844
1845
1846
1847
1848
1849
1850
1851
1852
1853
1854
1855
1856
1857
1858
1859
1860
1861
1862
1863
1864
1865
1866
1867
1868
1869
1870
1871
1872
1873
1874
1875
1876
1877
1878
1879
1880
2015
1521
1774
1474
1680
1923
1562
1437
1163
2595
1735
2004
1647
1734
2004
1482
1578
1691
1729
1461
1729
2015
1593
2054
1392
1554
1915
1521
1774
1552
1763
1849
1857
1966
1590
1498
1567
1865
1595
1840
1856
1963
1539
1833
1623
1632
1611
1641
1937
1821
1426
2050
1490
1972
1410
2367
1729
1929
2054
1424
2004
1626
1678
1935
1936
1807
1923
1646
2242
1767
2450
1934
1935
1936
2011
1729
1813
1483
1674
1656
1729
2138
1470
1480
1519
1552
1560
1564
1604
1621
2319
1652
1698
1711
1729
1742
1802
1841
1849
1857
1902
1905
1914
1541
1641
1859
1724
1729
1879
1759
1235
1935
2011
1460
1686
1729
1881
2336
1691
1423
1707
1522
1567
1883
1729
2017
1401
1656
1864
1879
1488
1505
1521
1730
1741
1501
1557
1657
2045
1421
1690
2006
2067
1474
1923
1461
1549
1729
1882
1908
1908
1562
1729
1902
1814
2059
2060
2061
1541
1618
1902
1907
1444
1706
1729
1879
1729
1938
1570
1681
1846
1892
1248
1410
1562
1729
1843
1493
1647
517
2122
2138
1589
1881
1390
1416
1549
1907
1403
1859
2014
1974
1455
1490
1405
1681
1729
1958
1971
2018
1864
1391
1603
1713
1729
1472
1569
1581
1438
1453
1521
1549
1997
1998
1999
1569
1562
1470
1560
1604
1729
1763
1966
970
1034
1843
1395
1691
1719
1854
1382
1815
1827
1387
1472
1870
13
1400
1647
1728
1757
1946
1586
1418
1821
2053
1540
1587
1979
1491
2038
2039
1465
1729
1760
1781
2059
2061
1382
1805
1467
1096
1421
1587
1860
1541
1618
1902
1388
1439
969
1836
1749
1809
2045
1411
1412
1459
1516
2009
1729
1852
1853
522
1938
1475
1498
1549
1729
1961
1729
1805
1844
1845
1879
1729
1840
1963
1668
1673
1729
1842
1394
1668
1729
1681
1686
1729
1963
1658
1729
1845
2000
1656
1729
1746
2058
1673
1721
1729
1879
1673
1721
1729
1879
1404
1436
1549
1551
1729
1820
1875
1974
1445
1453
1729
1399
1521
1570
1729
1839
1570
1729
1838
1918
1919
1395
1515
1536
1549
981
2319
1729
1745
1828
1848
1854
1859
1931
1949
2014
2015
1729
1763
1907
1422
1729
1829
1542
970
1729
1787
1803
1729
1827
1673
1729
1827
1832
1869
733
1562
1019
1729
1786
1586
2319
1729
1673
1729
1840
2015
1519
1621
1711
1729
1742
1763
1881
1930
1411
1580
1729
1877
1396
1673
1685
1729
1891
2019
1496
1729
1825
1938
1939
1393
1532
1721
1729
1825
1864
1880
1889
1921
1441
1453
1542
1606
1641
2319
1729
1804
1840
1882
1942
1943
1944
1945
733
1034
1729
2012
1417
1482
1509
1510
1524
1635
1668
1729
1745
1863
1872
1928
1960
1961
1962
1480
1552
1560
1621
1729
1742
1763
1905
1966
1729
1879
1399
1686
1729
1764
1792
1840
2014
1710
1729
1818
1665
1729
1656
1710
1729
1691
1729
1856
1963
1729
1773
1796
1853
1879
1880
1399
1729
1744
2014
1410
1729
1868
1410
1725
1729
1410
1457
1729
1866
1729
1845
1879
1472
1541
1558
1729
1806
2029
1618
1729
1967
1495
1524
1595
1729
1856
1973
1437
1502
1523
1729
1656
1729
1381
1434
1683
1703
1729
1836
1911
1406
1566
1592
1729
1411
1412
1580
1729
1850
1536
1729
1446
1504
1524
1583
1585
1645
1729
1766
1773
1784
1827
1834
1835
1858
1864
1869
1977
1729
1853
1864
2105
1460
1620
1711
1712
1768
1789
2433
1849
2520
1901
1930
2138
2319
1778
1854
1967
1602
1649
1771
2520
1584
1602
1602
1576
1641
1887
1475
1492
1577
1886
1937
2092
1436
1485
439
1656
1853
1656
1891
1656
1851
1890
881
1786
1545
1579
1672
1677
1689
1199
1894
1922
1579
1689
1199
1893
441
584
586
819
837
1095
1678
522
1587
539
1448
539
1449
2520
2122
2138
1589
1881
1473
2186
1541
1563
1618
1763
1780
1782
1819
1907
2095
1559
1586
837
1506
1552
898
1652
1763
1857
1966
1618
1588
1598
1640
1782
1791
1841
1902
1908
1407
1546
1778
1779
1907
1614
1910
1909
1381
1626
1703
1875
1912
1381
1526
1626
1637
1655
1703
369
1911
827
1763
1553
1554
1740
1919
1392
1486
1554
1392
1682
1919
1392
1494
1839
1919
1486
1494
1553
1839
1915
1917
1918
1665
1673
1721
1921
1988
1583
1665
1721
1853
1920
1981
1529
1545
1893
1465
1489
1590
1593
1631
1651
1661
1663
1702
1704
1731
1757
1777
1924
1474
1704
567
1923
1985
2045
1444
1465
1663
1706
1715
1405
1521
1973
127
1649
1856
1462
1752
1711
1712
1849
1881
1417
1840
1572
1705
1759
2450
1935
1678
1756
1759
1767
2450
1934
1936
1538
1678
1756
1759
1935
1446
1498
1549
1576
1662
311
1676
1679
1748
1887
1940
1481
1532
1622
1632
1785
1825
1852
1391
1548
1852
1498
1549
1937
1475
1854
1967
1500
1646
1854
1944
1967
1500
1854
1943
1967
1512
1854
1967
1474
1807
1573
1948
1589
1947
1840
1950
1951
318
1949
1606
1949
2015
1565
1693
1413
1414
1955
1414
1954
1596
1691
1992
2034
1542
1596
1691
1992
1691
1795
1542
1596
1691
1992
2018
1531
1856
1387
1495
1524
1826
1856
1980
1495
1524
1856
1980
1528
1687
1745
1828
1831
1863
1964
1965
1528
1643
1963
1528
1568
1646
1649
1963
1480
1519
1552
1564
1621
1652
1713
1742
1096
1802
1857
1905
1441
1473
1563
1871
2484
1882
1942
1943
1944
1945
1968
1967
2058
1544
1580
1567
2062
1567
1795
1751
1487
1510
1635
1872
1927
1404
1508
1520
1673
1793
1836
2033
1694
1413
1648
1406
1451
1566
1673
1879
1485
1979
1587
1660
1810
1978
1482
1532
1644
1687
1961
1962
1466
1699
1921
1523
1668
1984
1439
1613
1668
1983
1992
1409
1479
1631
1661
1704
1924
1994
1542
1596
2037
1542
1596
1410
1920
1517
1525
2259
1689
1619
1597
1613
1956
1957
1959
1984
1682
1479
1493
1501
1704
1985
1382
1496
1536
1616
1662
2062
1535
1698
1799
1799
1535
1698
1799
1658
1832
2001
2000
1447
1642
1647
1653
1424
1647
1734
1735
1754
1478
1497
1610
1421
254
1690
1776
1401
1492
1598
1516
1824
1678
1678
1759
1767
1855
1587
1792
1840
1859
1865
1606
1729
1738
1840
1848
1951
1543
1709
1772
1384
1503
1556
1795
1959
1396
1851
2021
2020
1390
2066
1609
2025
2026
2024
2024
2064
1607
1512
1613
1387
1469
1472
1870
1406
1424
1620
1395
1404
1974
1468
1597
1956
1482
1643
2036
2035
1700
1986
1811
1811
1386
1722
1386
1634
1722
2043
2042
1590
1680
2053
1489
1557
1651
1657
1661
1684
1704
1775
1821
1924
2046
2047
2048
2049
2045
1501
1704
2045
1657
2045
2049
1657
2045
2048
1426
1750
1617
1704
1501
1661
1704
1418
1704
1809
2044
2055
1430
1471
1739
1753
2056
1418
2053
2054
1724
1728
1450
1558
1833
1968
1781
1814
1781
2061
1781
1814
2060
1970
1996
1720
2026
1628
1390
2022
1421
1776
1385
1385
1397
1403
1423
1424
1437
1437
1437
1437
1437
1437
1437
1438
1442
1445
1449
1461
1462
1462
1462
1476
1481
1485
1485
1485
1498
1499
1499
1508
1513
1514
1533
1540
1543
1549
1555
1555
1562
1573
1574
1579
1589
1589
1589
1589
1591
1594
1594
1595
1627
1641
1654
1666
1666
1672
1705
1707
1715
1723
1728
1729
1729
1729
1729
1729
1729
1729
1729
1733
1733
1752
1759
1759
1763
1763
1767
1769
1786
1788
1789
1789
1803
1803
1807
1816
1820
1825
1840
1840
1843
1846
1846
1847
1854
1855
1855
1881
1881
1881
1882
1882
1883
1888
1888
1892
1893
1894
1895
1895
1895
1896
1896
1896
1897
1898
1899
1900
1901
1901
1902
1903
1904
1905
1912
1913
1924
1928
1934
1935
1937
1950
1966
1967
1990
2006