2686
2154
2308
2384
2429
2180
2687
2106
2421
2474
2539
2566
2309
2615
2230
2240
1729
2384
2572
2636
2132
2205
2231
2277
2314
2518
2556
2557
2558
2274
2363
2498
2336
2404
2418
2439
2469
2548
2553
2554
2331
2396
2526
2573
2577
2658
2321
1034
2384
2572
2617
2182
2368
1437
2194
1533
2245
2337
2362
2435
2515
2658
2659
2195
863
2308
2328
2384
2410
2525
1267
2659
2220
2486
2126
2327
2523
2150
2169
2191
2575
2316
2671
2672
2145
2312
2512
2559
2560
2650
2119
863
2224
191
2280
2440
517
2604
2641
2643
2673
2147
2177
2228
2238
2239
2267
348
1098
2426
2429
2435
2489
2527
2535
2576
2577
2578
2584
2586
2587
2588
2429
2529
2095
2354
2391
2422
2433
1888
2494
2601
2106
2138
2181
2209
2464
2478
106
2268
2316
2591
2092
2099
2101
2111
2114
2122
1445
2138
2143
2170
2178
2189
2200
2210
2311
2373
2375
2434
1135
2458
2461
2467
2473
2475
2477
2487
2510
2520
2547
1903
2548
2549
2138
2183
2433
2537
2210
2611
2679
2206
2253
2293
2338
2496
2598
2599
2095
2138
2376
2432
2668
2122
2138
2417
2433
2520
2536
2095
2160
2175
2433
2445
2465
2472
2520
2539
2162
2104
2549
2565
2103
2565
2626
2677
2122
2138
1881
2071
2093
2138
2221
2276
2433
2468
2520
2177
2190
2435
2523
2576
949
2397
494
2506
2531
2411
1210
2321
2384
1132
1235
2095
2122
2138
2178
2433
2520
2129
2701
2123
2188
2242
2450
2580
2095
63
964
2116
2296
2115
2296
2488
2156
2209
1141
2479
2510
2653
2666
2089
2661
111
2174
2559
2210
2695
2095
2100
2105
2111
2138
2319
1789
2520
2521
1901
2536
2113
2188
2242
2398
2450
2247
2339
2242
2085
2291
2378
2575
2153
1543
2511
2646
2112
2215
520
2655
2674
2155
2263
2394
2452
2562
2074
2174
2231
2450
2401
2652
2654
2655
2674
2138
2151
2235
2338
2355
2235
2445
2564
2384
2506
2093
2095
2096
2099
2100
2105
2106
2111
2122
1449
2135
2139
2144
2151
1485
2170
2175
2180
2183
2189
2193
2197
859
862
2209
2217
2218
2235
2271
2276
2289
964
2300
2311
2319
2338
2344
2352
2354
2375
2376
1763
2403
2417
1789
2427
2439
2441
2442
2454
2459
2460
2461
2464
2467
2469
2470
2475
2480
2481
2482
2485
1882
2487
2493
2520
2521
2522
1901
2537
2540
2541
2542
2543
2544
2545
2546
554
2138
2151
2355
2445
2520
2433
2511
2164
2169
2429
2500
2595
2434
2473
2095
2200
439
2520
2138
2481
2696
2088
2404
2560
2
2222
2514
2559
2700
2090
2228
970
2257
2319
2407
2086
2164
2169
2190
2135
2138
2139
2162
2218
2433
2439
2464
2466
2470
2540
2541
2545
2546
2220
2486
2663
2127
2664
2069
2306
2308
2130
2167
2263
2325
2567
2568
2570
2117
1014
539
2433
2434
63
2189
2582
2222
2270
2324
2626
2101
2195
2323
2458
2554
2240
2359
2506
2531
2102
2151
2186
2678
2165
2229
2447
2448
2141
2150
2190
2238
2491
2529
2163
2434
2447
2540
2324
2402
413
2699
2155
2189
439
2086
2141
2150
2190
2191
2095
2138
2183
2461
2465
2470
2477
2487
819
2242
2327
2413
2451
2562
2657
822
2236
2274
2363
2498
2574
2120
2132
2205
2213
2231
2314
2557
2644
2101
2138
2356
2433
2443
2568
2670
2090
2107
2190
2195
2223
2426
2527
2586
2639
2666
2095
2111
2433
2447
2593
2070
2138
2332
2483
522
2093
2193
2376
2453
2464
2521
2538
2080
2260
2308
2593
2096
2138
2170
2217
1594
2454
2461
2462
2470
2481
2516
2537
2659
2203
2450
2512
2162
859
2262
2340
2354
2356
2366
2391
2421
2467
1902
2325
2567
2569
2113
2123
2242
2398
2450
2095
2138
2158
2168
155
1589
2375
2425
2445
522
2510
2520
2107
2150
2164
816
2169
2177
2415
2435
2527
2530
2573
2575
2576
2577
2578
2086
2169
970
2404
2548
2138
2181
2352
2433
2082
2294
2083
2160
2177
2426
2458
2525
2586
2639
926
2262
2412
2508
2563
745
2138
2227
2394
2433
2487
2095
2143
2373
439
2520
2384
1235
2658
2203
2450
2512
2185
2202
2222
452
2640
2307
2074
2174
2231
2652
2098
2293
2338
2434
2216
2304
2320
2385
2666
2326
2435
2093
2117
2138
2433
2537
2095
2097
2121
2259
2610
2611
2669
2272
2399
2665
2308
2350
2174
2559
586
2631
2596
2129
2248
2255
2273
2279
2462
2655
2207
2666
2138
2183
2537
2138
2151
2546
2568
2084
2152
2486
2106
2433
2146
2159
2203
2557
2559
2177
2645
2666
2089
2642
2380
2586
2197
2090
2147
2243
1166
2555
2163
2287
2301
2372
2447
2448
2478
2510
2619
2073
2321
2074
2132
2174
2205
2303
439
2520
2624
2243
2310
2135
2136
2138
2433
452
2173
2326
2330
1130
1248
2275
2360
2586
2590
2090
2164
2239
2241
2291
2298
2378
2491
2529
2584
2589
2609
2090
2238
2241
2291
2298
2378
2436
2491
2584
2589
2073
2161
2321
2506
2572
2238
2239
2349
2585
2589
2113
2123
2125
2171
2188
945
1759
2398
2450
2579
2580
2228
2233
2438
2506
725
2082
2321
2337
2319
2404
2124
2215
2273
2315
2334
2647
2443
2286
56
2402
2420
522
2688
2290
2098
2367
2367
2215
2279
2473
2652
2318
2148
2647
2273
2338
2651
2652
837
2210
2610
1990
2182
2292
2609
1183
2669
2186
2196
2634
2685
2130
2155
2567
2581
2660
2483
2577
2676
2090
2381
2532
2627
2094
2316
2591
2705
2159
2420
1437
2138
2276
2433
2434
2211
2399
2419
2215
2248
2258
2277
2314
2652
2075
2173
2341
2363
2498
2237
2308
2360
2534
2579
2586
2106
1437
2138
2271
2433
2541
2074
2273
2314
2414
2647
2367
2382
2215
2255
2652
2089
2642
2340
2366
2550
2503
513
2345
2563
2319
2407
1188
1329
2250
2229
2380
2447
2448
2689
2690
2691
2138
2319
2481
2252
2455
2688
2697
2126
2238
2239
2292
2378
2585
2260
2291
2451
2584
2098
2206
2376
2433
2194
2318
2606
1034
2497
2653
2115
2116
2488
2416
2238
2239
2365
2384
2501
2531
2692
2138
2550
2229
2372
2447
2448
2480
2420
2231
2318
2334
2377
2386
2392
2400
2411
2431
2476
2477
2603
2604
2207
2399
2666
2648
2154
2308
2204
2069
2083
2154
2182
2212
2275
2306
2313
2328
2329
2347
2400
2410
2435
2504
2505
2524
2525
2527
2528
2534
2585
2630
2072
1315
2234
2095
2138
886
2424
2462
2088
2405
2632
2655
2694
2308
2428
2630
2074
2174
2273
2277
2559
2652
2248
2345
2647
2087
2094
106
2268
2324
2453
2592
2425
2256
2294
2303
715
1423
2122
1438
2138
2149
1485
2246
2285
2289
964
981
1707
1729
1084
1763
2404
1840
1847
1854
2472
2480
2481
2482
2483
2484
2485
2486
1882
2487
2207
2079
2110
2230
2240
2245
2572
2637
2414
2654
2160
1654
2418
2542
2159
106
2166
2316
2437
2155
2187
2351
2567
2569
2208
2236
2605
2085
2172
2435
2675
2083
2308
2384
1267
2308
2629
2236
2077
2435
2527
2577
2180
964
2623
2248
2303
2431
1267
2603
2647
2352
2433
2076
2404
1769
2600
725
2082
2245
949
2098
2135
2138
2206
2258
2438
2598
2599
2651
2124
2405
2186
2281
2366
2274
2342
2341
2420
589
2634
2138
2454
2283
2315
2376
2434
2613
2479
2510
2308
2387
2405
2632
2647
2683
2241
2370
2429
2489
2490
2212
283
2325
2567
2569
2138
2193
2335
2459
2537
156
2441
2520
2092
2138
2186
2391
2433
2135
2139
2175
2186
880
2383
2432
539
2161
2397
2237
2275
2579
2590
2432
2454
2082
970
2658
2075
2173
905
2274
2496
1188
2497
2498
2707
2298
2186
2281
2340
2253
2254
2278
1752
2684
2081
2606
540
2606
2349
2488
2532
2493
2543
2546
26
2229
2301
2392
2480
2517
538
539
2095
2200
439
2520
1034
2497
2653
2095
2138
2189
2445
2099
2138
2181
2293
2345
2427
2442
2466
2537
2564
1555
2303
2631
2126
2238
2239
2291
2576
2584
2451
2225
2287
2533
2581
2607
2608
2267
2278
2655
2357
2069
2073
2079
2083
2110
2137
2201
900
2299
2328
2397
2429
2500
2501
2502
2503
2504
2505
2207
2450
2303
2431
2348
2388
2414
2632
2647
2682
2683
2387
2414
2682
2506
2531
1248
2507
2092
2186
2354
539
2520
2303
2372
1074
2537
1289
2131
837
2198
2452
2561
1258
2562
2402
2482
2077
2573
2108
2359
2384
2123
2188
2242
2450
2580
2211
2272
2304
2664
2665
2303
2308
2444
2629
2631
2134
2652
2674
2682
2166
2251
2395
2698
2138
2541
2624
2076
2145
2192
2246
2319
2336
2418
2434
2453
2476
2484
2542
2554
2312
2339
2348
2655
2411
2149
2285
1233
2566
2450
2577
2597
2083
2308
2109
2303
2406
2414
2555
2631
2704
2196
2662
2172
2451
2675
2277
2322
2387
2388
2411
2190
2435
2527
2297
2100
2138
2076
2323
2404
2466
2695
2272
2251
2270
2302
2343
522
2633
2634
2635
2071
2186
2433
2092
2433
2461
2474
2311
2189
2317
522
2090
2177
2195
2495
2586
2587
2138
2376
2481
2313
2528
2630
2069
2090
2091
2141
2349
2384
2527
2533
2534
2535
2478
2479
2497
111
2303
2334
2386
2477
2099
2358
2361
1338
2092
2096
2100
2101
2106
2111
2140
2151
2157
2175
2178
2193
2199
862
2209
2221
2235
2271
2276
2293
2335
2354
2421
2422
2456
2457
2458
2459
2460
2461
2462
2463
2464
1881
2465
2466
2467
2468
2469
2470
2471
2472
2095
2142
2157
2165
2206
2271
2345
2404
2454
2465
2466
2467
2468
2473
2474
2475
2476
2082
2090
2107
2190
2208
2308
2327
2331
2415
2438
2515
2526
2527
2528
2529
2530
2573
2239
2583
2324
2243
2338
2435
2652
2076
2138
2151
2089
2138
2353
2520
2138
2376
2481
2176
159
2249
2568
111
2400
2495
2629
2101
2136
2139
2189
2375
2529
2693
2163
2165
2178
2229
2287
2301
2618
2619
2620
2163
2229
191
2287
2301
2581
600
2619
2620
2621
2670
2681
2113
2123
2133
2185
2188
2202
2242
2385
1759
2398
2408
2579
2580
2614
2638
1934
2639
2640
1935
2172
2292
2379
2413
2657
2131
2394
2562
2181
2316
2404
2138
2183
2344
2361
2434
2538
2622
2290
1729
2602
2688
2697
2433
2471
2433
2488
615
2095
2160
2195
2433
2138
2352
2433
2537
2138
2433
2466
2095
2138
2170
2183
2423
2433
2470
2520
2183
2215
2311
2433
2468
2477
2433
2093
2138
2151
2181
2433
2101
2170
2433
2434
2564
2151
2376
2418
2433
2434
2460
2624
2095
2138
2186
2433
2434
2618
2106
2433
2434
2462
2076
2138
2433
2510
2554
2138
2151
2170
2183
2433
2461
2481
2623
2433
2456
2101
2319
2433
2520
2550
2095
2142
2255
251
2434
2071
2423
2434
2095
2138
2434
452
2520
2564
2303
2404
2434
2095
2170
2303
2431
2462
2093
2229
2430
2117
2346
2430
2520
2138
2301
2319
2372
2544
2138
2144
2183
2289
2319
2427
2442
2470
2138
2319
2395
439
2180
2265
2319
1641
2319
2404
2590
1967
2138
2319
2536
2084
2152
2220
2319
2095
2138
2170
2199
2319
2116
2296
2370
2457
2090
2349
2577
2593
1385
257
2349
1132
2661
2663
2164
2238
2239
970
2529
439
2520
2138
2371
439
2520
2550
2092
886
2601
2426
2444
488
2098
2363
114
2295
1007
2363
2374
2430
442
2551
2552
2656
2075
2173
2274
2363
729
1189
2505
2615
2660
2705
2141
931
2384
2299
2384
2384
2506
2282
2384
2506
2308
2384
2702
729
2308
2384
2499
2524
2525
2581
2108
2137
2161
2240
2244
1004
1017
2389
2502
2503
2507
1195
1196
1046
2390
2506
614
2667
2196
2509
2508
2095
2117
2189
2229
2346
2469
522
2623
756
2128
2140
522
2088
111
2185
2202
522
2513
2514
2519
2558
2560
2631
2640
2648
2649
2650
622
522
2512
2649
46
2146
522
2512
2560
725
2082
1437
2435
2658
2183
1235
2520
2550
2372
2074
539
2557
2559
111
2512
2095
2100
2101
2106
2111
53
2122
2138
2139
2143
1461
2189
2200
156
2232
970
2353
2373
2391
2441
2461
1881
2472
2475
2479
1883
2492
2493
2516
2521
1900
2522
2122
2138
2181
2520
2522
2138
2520
2521
2085
2107
2308
2505
2645
2083
2195
2308
2505
2077
2435
2090
2177
2190
2308
2331
2415
2429
2435
2562
2308
2428
2435
2585
2091
2164
2238
2435
2446
2491
2616
2693
2190
2435
2108
2161
900
2299
2389
493
2267
2370
1060
2380
2429
2577
2275
2308
2429
2090
2429
2576
2609
2100
2122
2485
2096
2138
2183
2209
2217
2352
1035
2376
2393
2459
2181
2454
2071
2101
2138
2151
2165
2138
2151
2276
2403
2545
2138
2323
2404
2548
2138
2371
2138
2480
2138
2151
2541
2138
2151
2218
2371
2095
2076
2095
822
2192
2542
2553
2095
2103
2566
2626
2677
1594
2281
2300
2472
2493
2516
1034
2497
2653
1034
2497
2653
2076
2548
2076
2160
2404
2469
2228
2411
2074
56
2074
2174
2222
2518
2703
2074
2512
2559
2088
2120
2146
2213
2222
2314
2518
549
2558
2560
2088
2145
2512
2514
2559
2650
2394
2562
2577
2131
2172
2394
2452
2527
2561
2577
2196
155
2284
2136
2376
2465
2475
2103
2104
2566
2626
2628
2677
2071
2407
2549
2565
2155
2187
2263
2325
2351
2568
2569
2155
2176
2219
2443
2567
2670
2187
2325
2351
2567
2155
1019
2653
2073
2079
2240
2321
572
2077
2190
2396
2435
2577
2173
2086
2126
2190
2577
2578
2090
2107
2190
2378
2535
2583
2584
2589
2077
2090
1437
816
2190
2266
2331
1031
2409
2489
2533
2561
2562
2573
2575
2585
2594
2595
2596
2090
2190
2575
2242
2275
2360
2450
2586
2113
2242
2398
2450
729
827
2264
2380
2448
2505
2158
2436
2576
2090
2238
2239
2292
2378
2576
2241
2291
2308
2528
2577
2090
2177
2195
2226
2237
2275
2426
2579
2587
2588
2090
2426
2586
2090
1514
2586
2238
2239
2241
2576
2237
2360
2484
2627
2680
2094
2268
2316
2642
2179
2182
2489
2577
2612
2141
1733
2577
2214
2577
600
2409
2098
2338
2599
2098
2338
2598
2336
2092
2494
2455
2303
2334
2089
2303
2673
2326
2294
2368
2369
2380
2608
2621
2645
2380
2607
2238
2260
2535
2210
2259
2611
2097
2210
2610
2594
600
2345
191
2450
2072
2499
2529
2693
2079
1043
2447
2467
2229
2447
2448
2447
2448
2448
2607
2454
943
2333
2470
2510
2232
2403
2466
2625
2624
2104
2159
2549
2565
2627
2628
2267
2590
2626
2565
2626
2329
2400
2444
2308
2313
2428
36
2213
2377
1083
2400
2411
2512
1294
2632
2312
2348
2387
2631
2683
2420
2688
2262
2343
2420
2635
2420
2634
2073
2637
789
2321
2636
2667
2450
2177
2195
2450
2203
2450
2512
2089
2642
2643
2224
2280
2592
2641
2643
13
2089
466
2641
2642
2174
2223
2524
2607
2128
2248
2257
2277
2315
2334
2348
2387
2305
2512
293
2512
2513
2088
2512
2560
2258
2338
2652
2134
2205
2255
2258
2273
2279
2314
2401
2438
2651
2117
2295
2374
2551
2552
2571
608
2134
945
2322
2129
2134
2215
2312
2382
2405
2497
2172
2451
2078
2082
1437
2201
2362
2515
2082
2083
2184
1163
2264
2499
2119
2490
2412
2152
2490
2153
2399
2211
2399
2118
2177
2207
2216
2223
2304
2507
2637
2099
2210
2261
2176
2449
2568
2087
2087
2089
2604
2129
2134
2401
2327
2413
2266
2104
2549
2565
2162
2097
2590
2449
2387
2388
2401
2348
2387
2632
2367
2262
2068
2070
2251
2290
2455
2633
2697
2288
2690
2691
2288
2689
2288
2689
2299
2446
2529
2616
2312
2121
2418
2144
2290
2455
2688
2402
2699
2166
2698
2146
2706
2112
2504
2557
2411
2269
2499
2700
2364
2073
2079
2082
2082
2083
2083
2089
2089
2089
2090
2090
2092
2094
2095
2095
2095
2105
2108
2108
2109
2110
2110
2114
2114
2117
2120
2122
2122
2128
2129
2138
2138
2138
2138
2138
2138
2138
2138
2138
2138
2143
2146
2147
2156
2156
2158
2166
2168
2171
2173
2180
2183
2186
2186
2189
2189
2189
2190
2192
2196
2197
2200
2201
2203
2213
2228
2232
2235
2236
2236
2242
2242
2245
2251
2251
2259
2259
2261
2271
2276
2282
2285
2285
2295
2309
2311
2316
2319
2319
2319
2319
2319
2319
2319
2319
2319
2319
2319
2319
2319
2319
2323
2324
2328
2333
2334
2336
2337
2337
2343
2350
2353
2356
2358
2362
2363
2363
2367
2369
2372
2372
2372
2373
2374
2377
2384
2389
2391
2392
2393
2394
2394
2407
2420
2425
2431
2432
2433
2433
2443
2444
2448
2448
2450
2450
2450
2455
2457
2473
2475
2482
2484
2484
2490
2490
2490
2491
2492
2493
2494
2495
2497
2497
2497
2499
2499
2500
2505
2506
2506
2506
2506
2507
2507
2510
2511
2511
2512
2512
2512
2513
2514
2514
2515
2515
2516
2518
2519
2520
2520
2520
2520
2520
2520
2520
2531
2531
2532
2537
2548
2550
2551
2552
2556
2559
2563
2571
2572
2577
2577
2577
2581
2581
2588
2595
2596
2612
2614
2617
2623
2631
2631
2631
2637
2643
2643
2649
2653
2654
2658
2659